# Etherscan forked blocks in range 25422404-25580592
# Fetched 2026-07-21 from https://etherscan.io/blocks_forked pages 1-7
# Total: 170 blocks

# page 7 (lowest block numbers in range)
25422915
25424457
25424613
25426131
25427040
25428189
25428897
25430473
25430767
25433414
25435711
25437081
25437746
25437900
25438292
25439689
25440325
25441951
25443896
25444409
25445071
# page 6
25449179
25449796
25449906
25450191
25450669
25452993
25453411
25455458
25455578
25455960
25457675
25458513
25458756
25459357
25459563
25459786
25461608
25462234
25463684
25463985
25464942
25465323
25465609
25466359
25468382
# page 5
25469813
25471886
25472141
25472587
25474342
25474532
25474563
25475714
25477467
25477943
25479829
25481999
25485734
25486117
25486372
25488379
25488698
25488984
25489526
25491793
25492703
25493260
25494470
25494917
25495300
# page 4
25497198
25497881
25498516
25498580
25501415
25501573
25503205
25503902
25504860
25505679
25508819
25509091
25509318
25510508
25510539
25511912
25512230
25512812
25512928
25513501
25514522
25514616
25515478
25515509
25515835
# page 3
25516721
25516916
25516975
25519335
25522340
25522613
25522644
25523283
25524078
25524875
25527747
25528544
25528872
25528958
25530585
25531362
25531573
25532146
25532708
25533448
25534726
25534997
25536352
25538231
25538362
# page 2
25538745
25539146
25539393
25541231
25541869
25542091
25543560
25544133
25544516
25544771
25545344
25549938
25551606
25556323
25556863
25560214
25560293
25561490
25561872
25561903
25562253
25562316
25562890
25563081
25563909
# page 1 (blocks <= 25580592)
25564160
25564355
25564900
25565692
25565979
25567445
25568402
25568527
25569357
25570730
25571462
25571811
25572983
25573085
25573915
25574010
25574314
25575346
25575600
25576046
25577515
25577578
25578217
25579362
